35
Drosophila_albomicans    0.0000000 0.0724270 0.0172265 0.0826391 0.0962004 0.0459819 0.0586746 0.0826391 0.0588785 0.0083244 0.1240208 0.0586746 0.0253587 0.0000010 0.0815393 0.0384079 0.1269974 0.0590857 0.0722712 0.0172265 0.0170644 0.0170644 0.1069420 0.0708273 0.0706258 0.0706258 0.0700173 0.0590857 0.0608953 0.0802465 0.1269974 0.0700173 0.0804348 0.0842609 0.0842609 
Drosophila_ananassae     0.0724270 0.0000000 0.0723387 0.0271625 0.0173713 0.0794691 0.0274174 0.0271625 0.0478985 0.0608984 0.0756630 0.0274174 0.0810897 0.0724270 0.0696959 0.0466273 0.0756630 0.0277012 0.0362867 0.0723387 0.0724270 0.0724270 0.0470067 0.0000010 0.0362867 0.0362867 0.0375518 0.0277012 0.0385063 0.0484651 0.0756630 0.0375518 0.0471642 0.0835676 0.0835676 
Drosophila_arizonae      0.0172265 0.0723387 0.0000000 0.0830696 0.0971373 0.0325161 0.0576804 0.0830696 0.0818991 0.0083957 0.1250812 0.0576804 0.0163310 0.0172265 0.0819227 0.0354971 0.1280323 0.0581238 0.0721714 0.0000010 0.0172265 0.0172265 0.1080581 0.0706476 0.0704274 0.0704274 0.0697914 0.0581238 0.0600526 0.0805556 0.1280323 0.0697914 0.0807616 0.0784992 0.0784992 
Drosophila_biarmipes     0.0826391 0.0271625 0.0830696 0.0000000 0.0470533 0.0860466 0.0176823 0.0000010 0.0176321 0.0710016 0.0686232 0.0176823 0.0916528 0.0826391 0.0577861 0.0361111 0.0686232 0.0175975 0.0263616 0.0830696 0.0826391 0.0826391 0.0364446 0.0271625 0.0263616 0.0263616 0.0085931 0.0175975 0.0279429 0.0371123 0.0686232 0.0085931 0.0173679 0.0695204 0.0695204 
Drosophila_bipectinata   0.0962004 0.0173713 0.0971373 0.0470533 0.0000000 0.0778900 0.0453952 0.0470533 0.0682562 0.0835669 0.0740924 0.0453952 0.1062246 0.0962004 0.0921823 0.0665948 0.0740924 0.0458117 0.0354905 0.0971373 0.0962004 0.0962004 0.0459787 0.0173713 0.0354905 0.0354905 0.0568339 0.0458117 0.0507967 0.0688545 0.0740924 0.0568339 0.0672484 0.1093606 0.1093606 
Drosophila_busckii       0.0459819 0.0794691 0.0325161 0.0860466 0.0778900 0.0000000 0.0867752 0.0860466 0.1121093 0.0349004 0.1006579 0.0867752 0.0443097 0.0459819 0.1126452 0.0627484 0.1029675 0.0910638 0.0505058 0.0325161 0.0459819 0.0459819 0.0844436 0.0776610 0.0492713 0.0492713 0.0995213 0.0910638 0.0703461 0.1140285 0.1029675 0.0995213 0.1110323 0.1147157 0.1147157 
Drosophila_elegans       0.0586746 0.0274174 0.0576804 0.0176823 0.0453952 0.0867752 0.0000000 0.0176823 0.0174683 0.0479016 0.0684452 0.0000010 0.0663773 0.0586746 0.0365346 0.0169994 0.0684452 0.0174341 0.0227203 0.0576804 0.0586746 0.0586746 0.0338851 0.0274174 0.0227203 0.0227203 0.0085188 0.0174341 0.0175107 0.0367243 0.0684452 0.0085188 0.0172104 0.0446676 0.0446676 
Drosophila_erecta        0.0826391 0.0271625 0.0830696 0.0000010 0.0470533 0.0860466 0.0176823 0.0000000 0.0176321 0.0710016 0.0686232 0.0176823 0.0916528 0.0826391 0.0577861 0.0361111 0.0686232 0.0175975 0.0263616 0.0830696 0.0826391 0.0826391 0.0364446 0.0271625 0.0263616 0.0263616 0.0085931 0.0175975 0.0279429 0.0371123 0.0686232 0.0085931 0.0173679 0.0695204 0.0695204 
Drosophila_eugracilis    0.0588785 0.0478985 0.0818991 0.0176321 0.0682562 0.1121093 0.0174683 0.0176321 0.0000000 0.0700173 0.0923403 0.0174683 0.0904227 0.0588785 0.0570131 0.0356493 0.0923403 0.0173852 0.0441856 0.0818991 0.0815214 0.0815214 0.0558756 0.0478985 0.0441856 0.0441856 0.0084956 0.0173852 0.0367413 0.0366251 0.0923403 0.0084956 0.0171630 0.0684957 0.0684957 
Drosophila_grimshawi     0.0083244 0.0608984 0.0083957 0.0710016 0.0835669 0.0349004 0.0479016 0.0710016 0.0700173 0.0000000 0.1108714 0.0479016 0.0165284 0.0083244 0.0699158 0.0281311 0.1134845 0.0483027 0.0602769 0.0083957 0.0083244 0.0083244 0.0941517 0.0595574 0.0588796 0.0588796 0.0588858 0.0483027 0.0498507 0.0690879 0.1134845 0.0588858 0.0690173 0.0720686 0.0720686 
Drosophila_guanche       0.1240208 0.0756630 0.1250812 0.0686232 0.0740924 0.1006579 0.0684452 0.0686232 0.0923403 0.1108714 0.0000000 0.0684452 0.1346569 0.1240208 0.0922285 0.0702565 0.0000010 0.0926570 0.0376819 0.1250812 0.1240208 0.1240208 0.0271419 0.0739276 0.0368858 0.0368858 0.0803577 0.0926570 0.0528537 0.0904387 0.0000010 0.0803577 0.0695641 0.1348262 0.1348262 
Drosophila_gunungcola    0.0586746 0.0274174 0.0576804 0.0176823 0.0453952 0.0867752 0.0000010 0.0176823 0.0174683 0.0479016 0.0684452 0.0000000 0.0663773 0.0586746 0.0365346 0.0169994 0.0684452 0.0174341 0.0227203 0.0576804 0.0586746 0.0586746 0.0338851 0.0274174 0.0227203 0.0227203 0.0085188 0.0174341 0.0175107 0.0367243 0.0684452 0.0085188 0.0172104 0.0446676 0.0446676 
Drosophila_hydei         0.0253587 0.0810897 0.0163310 0.0916528 0.1062246 0.0443097 0.0663773 0.0916528 0.0904227 0.0165284 0.1346569 0.0663773 0.0000000 0.0253587 0.0905678 0.0449557 0.1379410 0.0667826 0.0811252 0.0163310 0.0253587 0.0253587 0.1172819 0.0792428 0.0792481 0.0792481 0.0783202 0.0667826 0.0687941 0.0887907 0.1379410 0.0783202 0.0892709 0.0875412 0.0875412 
Drosophila_innubila      0.0000010 0.0724270 0.0172265 0.0826391 0.0962004 0.0459819 0.0586746 0.0826391 0.0588785 0.0083244 0.1240208 0.0586746 0.0253587 0.0000000 0.0815393 0.0384079 0.1269974 0.0590857 0.0722712 0.0172265 0.0170644 0.0170644 0.1069420 0.0708273 0.0706258 0.0706258 0.0700173 0.0590857 0.0608953 0.0802465 0.1269974 0.0700173 0.0804348 0.0842609 0.0842609 
Drosophila_ironensis     0.0815393 0.0696959 0.0819227 0.0577861 0.0921823 0.1126452 0.0365346 0.0577861 0.0570131 0.0699158 0.0922285 0.0365346 0.0905678 0.0815393 0.0000000 0.0354625 0.0922285 0.0570371 0.0663451 0.0819227 0.0815393 0.0815393 0.0555383 0.0696959 0.0663451 0.0663451 0.0467196 0.0570371 0.0572940 0.0569523 0.0922285 0.0467196 0.0561895 0.0512401 0.0512401 
Drosophila_kikkawai      0.0384079 0.0466273 0.0354971 0.0361111 0.0665948 0.0627484 0.0169994 0.0361111 0.0356493 0.0281311 0.0702565 0.0169994 0.0449557 0.0384079 0.0354625 0.0000000 0.0702565 0.0356134 0.0235380 0.0354971 0.0384079 0.0384079 0.0544094 0.0466273 0.0235380 0.0235380 0.0261886 0.0356134 0.0180686 0.0558647 0.0702565 0.0261886 0.0351216 0.0482510 0.0482510 
Drosophila_madeirensis   0.1269974 0.0756630 0.1280323 0.0686232 0.0740924 0.1029675 0.0684452 0.0686232 0.0923403 0.1134845 0.0000010 0.0684452 0.1379410 0.1269974 0.0922285 0.0702565 0.0000000 0.0926570 0.0376819 0.1280323 0.1269974 0.1269974 0.0271419 0.0756630 0.0376819 0.0376819 0.0803577 0.0926570 0.0541423 0.0924953 0.0000010 0.0803577 0.0695641 0.1382143 0.1382143 
Drosophila_mauritiana    0.0590857 0.0277012 0.0581238 0.0175975 0.0458117 0.0910638 0.0174341 0.0175975 0.0173852 0.0483027 0.0926570 0.0174341 0.0667826 0.0590857 0.0570371 0.0356134 0.0926570 0.0000000 0.0441625 0.0581238 0.0590857 0.0590857 0.0558956 0.0277012 0.0441625 0.0441625 0.0084764 0.0000010 0.0367057 0.0176334 0.0926570 0.0084764 0.0171298 0.0685953 0.0685953 
Drosophila_miranda       0.0722712 0.0362867 0.0721714 0.0263616 0.0354905 0.0505058 0.0227203 0.0263616 0.0441856 0.0602769 0.0376819 0.0227203 0.0811252 0.0722712 0.0663451 0.0235380 0.0376819 0.0441625 0.0000000 0.0721714 0.0722712 0.0722712 0.0257612 0.0362867 0.0000010 0.0000010 0.0334553 0.0441625 0.0092452 0.0666306 0.0376819 0.0334553 0.0434764 0.0799027 0.0799027 
Drosophila_mojavensis    0.0172265 0.0723387 0.0000010 0.0830696 0.0971373 0.0325161 0.0576804 0.0830696 0.0818991 0.0083957 0.1250812 0.0576804 0.0163310 0.0172265 0.0819227 0.0354971 0.1280323 0.0581238 0.0721714 0.0000000 0.0172265 0.0172265 0.1080581 0.0706476 0.0704274 0.0704274 0.0697914 0.0581238 0.0600526 0.0805556 0.1280323 0.0697914 0.0807616 0.0784992 0.0784992 
Drosophila_montana       0.0170644 0.0724270 0.0172265 0.0826391 0.0962004 0.0459819 0.0586746 0.0826391 0.0815214 0.0083244 0.1240208 0.0586746 0.0253587 0.0170644 0.0815393 0.0384079 0.1269974 0.0590857 0.0722712 0.0172265 0.0000000 0.0000010 0.1069420 0.0708273 0.0706258 0.0706258 0.0700173 0.0590857 0.0608953 0.0802465 0.1269974 0.0700173 0.0804348 0.0842609 0.0842609 
Drosophila_novamexicana  0.0170644 0.0724270 0.0172265 0.0826391 0.0962004 0.0459819 0.0586746 0.0826391 0.0815214 0.0083244 0.1240208 0.0586746 0.0253587 0.0170644 0.0815393 0.0384079 0.1269974 0.0590857 0.0722712 0.0172265 0.0000010 0.0000000 0.1069420 0.0708273 0.0706258 0.0706258 0.0700173 0.0590857 0.0608953 0.0802465 0.1269974 0.0700173 0.0804348 0.0842609 0.0842609 
Drosophila_obscura       0.1069420 0.0470067 0.1080581 0.0364446 0.0459787 0.0844436 0.0338851 0.0364446 0.0558756 0.0941517 0.0271419 0.0338851 0.1172819 0.1069420 0.0555383 0.0544094 0.0271419 0.0558956 0.0257612 0.1080581 0.1069420 0.1069420 0.0000000 0.0470067 0.0257612 0.0257612 0.0449024 0.0558956 0.0389556 0.0558078 0.0271419 0.0449024 0.0345475 0.0934891 0.0934891 
Drosophila_pandora       0.0708273 0.0000010 0.0706476 0.0271625 0.0173713 0.0776610 0.0274174 0.0271625 0.0478985 0.0595574 0.0739276 0.0274174 0.0792428 0.0708273 0.0696959 0.0466273 0.0756630 0.0277012 0.0362867 0.0706476 0.0708273 0.0708273 0.0470067 0.0000000 0.0355409 0.0355409 0.0375518 0.0277012 0.0376730 0.0474398 0.0756630 0.0375518 0.0471642 0.0816054 0.0816054 
Drosophila_persimilis    0.0706258 0.0362867 0.0704274 0.0263616 0.0354905 0.0492713 0.0227203 0.0263616 0.0441856 0.0588796 0.0368858 0.0227203 0.0792481 0.0706258 0.0663451 0.0235380 0.0376819 0.0441625 0.0000010 0.0704274 0.0706258 0.0706258 0.0257612 0.0355409 0.0000000 0.0000010 0.0334553 0.0441625 0.0090386 0.0651967 0.0376819 0.0334553 0.0434764 0.0780082 0.0780082 
Drosophila_pseudoobscura 0.0706258 0.0362867 0.0704274 0.0263616 0.0354905 0.0492713 0.0227203 0.0263616 0.0441856 0.0588796 0.0368858 0.0227203 0.0792481 0.0706258 0.0663451 0.0235380 0.0376819 0.0441625 0.0000010 0.0704274 0.0706258 0.0706258 0.0257612 0.0355409 0.0000010 0.0000000 0.0334553 0.0441625 0.0090386 0.0651967 0.0376819 0.0334553 0.0434764 0.0780082 0.0780082 
Drosophila_santomea      0.0700173 0.0375518 0.0697914 0.0085931 0.0568339 0.0995213 0.0085188 0.0085931 0.0084956 0.0588858 0.0803577 0.0085188 0.0783202 0.0700173 0.0467196 0.0261886 0.0803577 0.0084764 0.0334553 0.0697914 0.0700173 0.0700173 0.0449024 0.0375518 0.0334553 0.0334553 0.0000000 0.0084764 0.0269896 0.0268994 0.0803577 0.0000010 0.0083742 0.0566074 0.0566074 
Drosophila_sechellia     0.0590857 0.0277012 0.0581238 0.0175975 0.0458117 0.0910638 0.0174341 0.0175975 0.0173852 0.0483027 0.0926570 0.0174341 0.0667826 0.0590857 0.0570371 0.0356134 0.0926570 0.0000010 0.0441625 0.0581238 0.0590857 0.0590857 0.0558956 0.0277012 0.0441625 0.0441625 0.0084764 0.0000000 0.0367057 0.0176334 0.0926570 0.0084764 0.0171298 0.0685953 0.0685953 
Drosophila_serrata       0.0608953 0.0385063 0.0600526 0.0279429 0.0507967 0.0703461 0.0175107 0.0279429 0.0367413 0.0498507 0.0528537 0.0175107 0.0687941 0.0608953 0.0572940 0.0180686 0.0541423 0.0367057 0.0092452 0.0600526 0.0608953 0.0608953 0.0389556 0.0376730 0.0090386 0.0090386 0.0269896 0.0367057 0.0000000 0.0563643 0.0541423 0.0269896 0.0361833 0.0673899 0.0673899 
Drosophila_setifemur     0.0802465 0.0484651 0.0805556 0.0371123 0.0688545 0.1140285 0.0367243 0.0371123 0.0366251 0.0690879 0.0904387 0.0367243 0.0887907 0.0802465 0.0569523 0.0558647 0.0924953 0.0176334 0.0666306 0.0805556 0.0802465 0.0802465 0.0558078 0.0474398 0.0651967 0.0651967 0.0268994 0.0176334 0.0563643 0.0000000 0.0924953 0.0268994 0.0360702 0.0913585 0.0913585 
Drosophila_subobscura    0.1269974 0.0756630 0.1280323 0.0686232 0.0740924 0.1029675 0.0684452 0.0686232 0.0923403 0.1134845 0.0000010 0.0684452 0.1379410 0.1269974 0.0922285 0.0702565 0.0000010 0.0926570 0.0376819 0.1280323 0.1269974 0.1269974 0.0271419 0.0756630 0.0376819 0.0376819 0.0803577 0.0926570 0.0541423 0.0924953 0.0000000 0.0803577 0.0695641 0.1382143 0.1382143 
Drosophila_subpulchrella 0.0700173 0.0375518 0.0697914 0.0085931 0.0568339 0.0995213 0.0085188 0.0085931 0.0084956 0.0588858 0.0803577 0.0085188 0.0783202 0.0700173 0.0467196 0.0261886 0.0803577 0.0084764 0.0334553 0.0697914 0.0700173 0.0700173 0.0449024 0.0375518 0.0334553 0.0334553 0.0000010 0.0084764 0.0269896 0.0268994 0.0803577 0.0000000 0.0083742 0.0566074 0.0566074 
Drosophila_suzukii       0.0804348 0.0471642 0.0807616 0.0173679 0.0672484 0.1110323 0.0172104 0.0173679 0.0171630 0.0690173 0.0695641 0.0172104 0.0892709 0.0804348 0.0561895 0.0351216 0.0695641 0.0171298 0.0434764 0.0807616 0.0804348 0.0804348 0.0345475 0.0471642 0.0434764 0.0434764 0.0083742 0.0171298 0.0361833 0.0360702 0.0695641 0.0083742 0.0000000 0.0674476 0.0674476 
Drosophila_tropicalis    0.0842609 0.0835676 0.0784992 0.0695204 0.1093606 0.1147157 0.0446676 0.0695204 0.0684957 0.0720686 0.1348262 0.0446676 0.0875412 0.0842609 0.0512401 0.0482510 0.1382143 0.0685953 0.0799027 0.0784992 0.0842609 0.0842609 0.0934891 0.0816054 0.0780082 0.0780082 0.0566074 0.0685953 0.0673899 0.0913585 0.1382143 0.0566074 0.0674476 0.0000000 0.0000010 
Drosophila_willistoni    0.0842609 0.0835676 0.0784992 0.0695204 0.1093606 0.1147157 0.0446676 0.0695204 0.0684957 0.0720686 0.1348262 0.0446676 0.0875412 0.0842609 0.0512401 0.0482510 0.1382143 0.0685953 0.0799027 0.0784992 0.0842609 0.0842609 0.0934891 0.0816054 0.0780082 0.0780082 0.0566074 0.0685953 0.0673899 0.0913585 0.1382143 0.0566074 0.0674476 0.0000010 0.0000000 
